100
100
100
100
100
100
100
100
100
100
100
100
101
100
100
100
100
100
100
100
100
100
100
100
100
100
100
100
100
100
101
100
101
100
100
67
100
100
57
101
100
100
100
100
100
26
100
37
100
76
100
86
100
100
100
100
100
101
100
100
100
100
100
100
100
100
101
74
101
59
101
51
100
100
100
100
100
100
100
101
100
100
100
100
100
100
101
100
100
100
101
100
100
100
101
101
100
100
101
100
101
100
101
100
100
100
100
100
100
100
100
100
100
101
101
102
100
101
100
100
100
101
100
100
100
100
100
100
100
101
101
100
100
100
101
100
100
100
101
100
100
100
100
88
100
100
100
100
100
100
100
101
100
100
100
101
100
100
101
100
100
100
101
100
100
100
101
101
100
100
102
100
100
100
101
100
100
100
100
100
100
101
100
100
100
100
100
100
100
100
100
100
90
100
101
100
100
100
100
100
100
101
52
100
100
101
100
101
100
100
100
102
42
100
100
100
100
100
100
100
100
100
100
100
100
100
100
100
100
101
100
100
100
101
100
100
100
100
100
100
100
100
100
100
100
100
100
101
100
100
100
100
100
100
100
100
100
100
100
100
100
68
100
100
100
101
100
100
100
100
100
100
100
100
101
100
101
100
100
100
100
101
100
100
101
100
100
100
100
101
100
100
100
100
44
100
101
100
101
45
100
100
100
100
100
100
100
100
100
100
100
100
100
100
101
101
100
100
101
100
100
100
89
49
100
100
100
100
79
101
100
69
100
100
100
100
100
100
100
100
100
100
100
4
68
100
85
89
101
100
100
92
100
64
20
73
100
72
100
100
100
100
100
45
100
100
91
5
100
23
100
100
100
100
93
100
101
101
100
100
100
100
32
100
100
78
101
100
48
101
100
100
100
86
101
100
100
100
100
68
100
100
100
100
62
25
100
100
40
100
100
100
33
100
100
101
101
38
100
100
63
34
100
100
71
100
101
92
98
100
100
100
89
100
100
101
100
82
101
100
53
92
100
100
62
100
100
100
101
100
28
100
100
100
100
59
81
100
100
67
83
100
47
100
100
47
100
100
100
100
100
100
100
71
101
51
100
68
100
100
100
100
100
100
101
100
100
100
100
47
100
97
100
41
100
100
100
100
100
101
100
101
17
60
100
100
100
59
100
67
27
100
100
100
102
100
87
82
60
101
100
81
100
51
52
100
100
100
101
100
27
100
100
100
90
88
100
100
100
100
100
100
100
100
102
100
100
101
100
100
101
101
100
100
100
100
101
100
101
101
100
101
100
100
101
100
101
100
101
101
100
100
101
100
100
100
100
100
100
100
101
100
101
100
100
100
101
100
100
100
100
101
100
100
100
100
100
100
100
100
100
100
101
100
101
100
100
100
100
101
101
100
100
101
100
100
100
100
100
100
100
100
100
100
100
100
100
101
100
101
100
100
100
101
100
101
100
100
100
101
100
100
100
100
100
101
100
101
100
100
100
100
100
101
100
100
100
101
100
100
101
100
100
100
100
100
100
100
101
100
100
100
100
102
100
100
100
100
100
101
100
100
100
100
100
100
100
100
100
100
100
100
100
100
100
100
101
100
100
100
100
101
101
100
100
101
100
100
101
100
100
100
100
100
100
100
101
100
100
101
100
100
100
101
100
100
100
100
101
100
100
100
100
100
100
100
100
100
100
100
100
100
101
100
100
100
100
100
101
100
100
100
102
100
101
100
100
100
101
100
101
101
100
97
100
100
101
100
100
100
100
100
101
97
100
100
100
100
100
102
100
100
100
100
100
100
100
100
100
101
100
100
100
100
100
100
100
100
101
101
100
100
100
100
100
100
101
100
101
100
100
101
100
100
100
100
101
100
100
101
100
100
100
100
100
100
100
101
100
100
100
100
100
100
101
101
101
100
101
100
100
100
100
100
100
100
100
100
100
100
100
100
100
100
88
100
100
100
100
100
101
101
100
100
100
100
100
100
86
96
100
101
100
100
100
100
100
100
86
100
101
100
100
100
100
100
100
100
100
100
100
87
100
101
101
100
100
100
83
100
74
100
100
100
100
100
100
100
100
100
100
100
100
100
75
100
100
100
100
100
100
51
100
100
100
101
100
100
100
100
100
100
100
100
100
100
100
100
100
100
100
101
100
101
100
100
100
100
100
100
100
102
101
100
100
100
101
100
100
101
101
100
100
101
101
100
100
100
100
100
100
100
100
100
100
100
102
100
100
100
100
101
100
101
100
100
100
101
100
101
100
102
100
100
100
101
100
101
100
101
101
100
101
101
100
100
100
100
101
100
100
102
100
100
74
100
100
100
100
100
100
100
100
100
100
100
100
100
101
100
100
100
100
100
100
100
100
100
101
100
101
100
101
100
101
101
103
100
100
100
100
100
100
100
100
101
100
100
100
100
100
100
100
100
100
100
100
100
100
100
100
100
100
100
100
100
100
100
100
100
100
100
101
100
100
101
100
101
100
100
100
101
100
100
100
100
100
100
100
101
100
100
100
100
100
100
100
101
100
100
101
100
100
100
100
100
100
100
101
101
100
101
100
100
100
101
100
100
100
100
101
100
100
100
100
100
100
101
101
100
100
100
89
101
100
100
100
100
100
100
100
100
100
100
100
100
100
100
100
101
101
101
100
100
101
100
84
101
100
100
100
100
100
101
102
101
101
100
101
101
80
100
100
101
100
100
100
101
100
101
100
100
100
100
101
100
100
100
100
100
100
101
100
101
100
100
100
101
100
100
100
100
100
100
101
100
100
100
100
100
100
100
100
100
100
100
100
100
100
100
100
100
100
100
101
100
100
100
100
100
100
100
100
100
100
100
101
100
100
100
100
101
100
100
100
100
100
100
100
100
100
100
100
100
100
100
100
100
100
100
100
100
100
100
100
100
101
101
100
100
100
100
100
100
100
100
100
100
100
100
100
100
100
100
100
101
101
100
100
100
100
100
100
100
100
100
101
100
100
100
100
100
100
100
100
100
100
100
101
100
100
101
100
100
100
100
100
100
100
101
100
100
100
101
100
100
101
100
100
100
100
100
100
101
100
100
100
100
100
100
100
100
100
100
100
100
100
101
100
100
100
100
100
100
100
100
101
100
101
100
100
100
100
100
100
100
100
101
100
100
100
100
100
100
100
101
100
100
100
101
101
100
100
100
100
100
100
100
100
100
102
100
100
100
100
100
100
100
100
100
101
100
100
100
100
101
100
100
101
100
100
100
101
100
100
100
100
100
100
100
100
100
100
100
100
100
100
100
100
100
101
101
100
101
100
100
102
100
100
100
100
100
100
101
100
100
100
100
100
100
101
100
101
100
100
100
100
100
101
100
100
100
100
100
100
100
100
100
100
100
100
100
100
100
100
100
100
100
100
100
101
100
101
100
100
100
100
101
100
100
100
100
100
100
100
100
100
100
100
101
100
100
100
100
100
100
101
100
100
100
100
101
100
100
100
100
100
100
100
100
100
100
100
100
100
100
100
100
100
100
100
100
100
100
100
100
100
100
100
100
100
100
101
101
100
100
100
100
100
100
101
100
100
100
100
100
100
100
100
100
100
100
100
101
100
100
100
100
100
100
100
100
100
100
100
101
100
102
100
100
100
100
100
100
100
100
100
101
100
100
101
100
100
100
100
100
100
101
100
100
100
102
101
100
100
101
101
100
100
100
100
100
100
100
100
100
100
100
101
100
100
100
100
100
100
100
100
101
89
100
101
100
100
100
100
101
100
100
100
101
100
100
100
101
100
100
101
100
101
100
100
100
100
100
100
100
100
100
100
100
100
100
100
102
101
100
101
100
101
100
100
100
100
100
100
100
100
100
101
100
101
100
100
100
101
100
100
100
100
100
101
100
101
100
100
101
100
100
100
100
100
100
100
101
101
100
101
100
101
100
100
100
100
100
100
101
100
100
100
100
101
100
101
102
100
100
101
100
100
84
100
100
102
100
100
100
100
100
100
100
100
100
100
100
100
100
100
100
100
100
100
102
100
100
100
100
100
100
100
101
100
100
100
100
101
100
101
100
100
100
100
100
100
101
100
100
100
100
101
101
100
100
101
100
100
100
100
100
101
100
100
101
100
100
100
100
100
100
100
100
100
100
100
101
100
101
101
100
101
101
100
100
100
100
100
101
100
101
100
100
100
101
101
100
100
100
100
100
101
100
100
100
101
101
100
100
100
100
101
100
100
100
100
100
100
100
101
100
100
100
101
100
100
100
100
101
101
100
101
100
102
100
100
100
101
101
100
100
101
100
100
